CF1.T_c1=[-4.24
-0.96
-1.84
-2.96
-4.72
-1.52
-2.32
-2.8
-2.48
-5.04
-2.32
-9.92
-6.96
-0.08
-0.3
-1.4
-0.2
-2.4
-0.7
-0.9
-6.6
-1.3
-1.7
-0.9
-3.6
-5.7
-0.8
-0.1
-0.1
-1.7
-0.6
-1.6
-7.2];

CF1.T_g1=[-0.16
1.84
0.8
0.32
-0.48
-0.4
2.48
0.72
0.24
2.56
1.76
1.2
-0.16
4.56
1.7
2.2
3.6
8.4
-0.1
0.2
1.4
0.4
1.1
2
-0.9
-0.7
3.1
0.4
0.5
0.8
-0.3
1.5
1.8];



CF2.T_c1=[-3.12
-3.6
-7.12
-1.44
-6.4
-0.88
-0.08
-9.44
-2.96
-32.16
-1.28
-5.44
-2.72
-2.1
-3.2
-1.9
-1.6
-2.2
-0.7
-1.8
-2.6
-2.6
-2.2
-0.6
-1.6
-1.8
-3.7
-3.3
-22.9];


CF2.T_g1=[0.32
0.88
0
-0.08
-0.24
-0.24
4.24
-0.08
1.68
3.6
6.72
-1.36
0.8
2
0.7
-0.1
0
0.1
0.7
0.8
0
1.9
-0.1
3.2
1
0.9
-0.5
1.2
1   ];

CF2.T_c2=[-0.16
-3.52
-6.24
-0.96
-0.56
-0.64
0
-0.8
1.2
-5.84
-1.28
-0.08
-0.4
-2.6
-3
-0.9
-1.5
-0.4
0.1
-1.8
-0.8
0
-1.1
-0.1
-0.1
-1.5
-1.6
-3.3
-4.4   ];

CF2.T_g2=[0.08
0.4
0.96
-0.24
0.96
0.56
2.8
0.8
2
-0.4
0.4
4.24
5.84
-0.9
4
0.2
-0.8
0
0.9
1.7
0.2
1.2
0.3
0.7
1.9
-1
1.8
1.2
2.7   ];

DF.T_c1=[-1.52
-2.96
-1.84
-3.68
-2
-8.56
-0.24
-0.08
-11.84
-6.4
-0.1
-7.7
-4.2
-0.5
-9.1
0.3
-4.4
-3.9
-1.4
-8.7
-1.1
-1.4
-2.1
-1
-8.4
-5
-2.5
-5.2
-4.9
-5.2
0
-0.3
-1.7
-0.8
-2.6
-4.7
-2.9
0
-6.56
-7.3];

DF.T_g1=[-0.32
-0.08
1.84
1.28
0.56
0
3.44
1.76
7.2
-2.5
2.8
2
0.7
0.7
2.7
1.9
1
0.1
0.2
-1.7
1.3
-0.5
-0.8
0.9
-2.9
1.1
0.3
-0.5
0.2
-0.1
1
3.9
0.6
2.1
0.6
2.2
-0.9
0.88
-1.92
-1.3];



DU.T_c1=[3.28
5.2
1.5
3.8
6.9
4.7
0.64
0.72
12.32
2.4
2.96
1.36
1.52
13.84
2
2
3.12
1.12
8.8
1.04
6.4
23.1
7
0.8
2.24
1.84   ];
DU.T_g1=zeros(26,1);




    
